function[C, sigma] = trySVMParameters()

C = [0.01; 0.03; 0.1; 0.3; 1; 3; 10; 30; 100];
sigma = [0.001; 0.003; 0.01; 0.03; 0.1; 0.3; 1; 3; 10];

% C = [0.01; 1; 100];
% sigma = [0.001; 0.1; 10];

end
